34,4
34,20
0,430
0,425
0,424
0,421
0,415
0,400
0,397
0,396
0,395
34,17
0,394
0,392
0,390
0,389
0,386
0,385
0,471
34,19
0,470
34,18
0,469
0,468
0,467
0,464
0,462
0,461
0,458
0,457
0,456
34,16
0,454
0,453
0,452
0,412
0,451
0,450
0,449
0,319
0,315
0,314
0,312
0,308
0,306
0,304
0,302
0,575
97,36
0,574
97,35
33,74
33,3
3,2
3,1
3,3
10,273
10,203
10,223
10,285
10,287
10,139
11,11
11,21
11,2
11,3
9,7
9,2
9,3
49,2
49,1
49,0
48,5
48,4
48,3
8,6
48,2
48,1
8,15
48,0
47,4
47,3
8,13
47,2
47,1
8,10
47,0
46,3
8,2
46,2
46,1
8,3
46,0
45,5
45,4
45,3
45,2
45,1
45,0
44,3
44,2
44,1
44,0
43,5
43,4
43,3
43,2
43,1
43,0
42,7
42,6
42,5
42,4
42,3
42,2
42,1
42,0
41,5
41,4
41,3
41,2
41,1
41,0
40,4
40,3
40,2
40,1
40,0
39,6
39,5
39,4
39,3
39,2
39,1
39,0
38,4
38,3
38,2
38,1
38,0
37,5
37,4
37,3
37,2
37,1
37,0
36,4
36,3
36,2
36,1
36,0
35,13
35,12
35,10
35,1
34,12
34,10
34,8
34,7
34,6
34,1
33,127
33,126
33,122
33,121
33,120
33,119
